1.0000 0.7145 0.3749
2.0000 0.8058 0.2523
3.0000 0.8264 0.2203
4.0000 0.8364 0.2067
5.0000 0.8446 0.1958
6.0000 0.8523 0.1880
7.0000 0.8555 0.1832
8.0000 0.8599 0.1792
9.0000 0.8613 0.1764
10.0000 0.8608 0.1733
11.0000 0.8815 0.1515
12.0000 0.8861 0.1480
13.0000 0.8868 0.1452
14.0000 0.8871 0.1455
15.0000 0.8879 0.1440
16.0000 0.8870 0.1435
17.0000 0.8878 0.1437
18.0000 0.8888 0.1422
19.0000 0.8895 0.1423
20.0000 0.8884 0.1410
21.0000 0.9003 0.1283
22.0000 0.9032 0.1256
23.0000 0.9048 0.1256
24.0000 0.9049 0.1247
25.0000 0.9053 0.1241
26.0000 0.9044 0.1249
27.0000 0.9058 0.1232
28.0000 0.9050 0.1233
29.0000 0.9067 0.1229
30.0000 0.9057 0.1222
31.0000 0.9131 0.1142
32.0000 0.9149 0.1143
33.0000 0.9151 0.1124
34.0000 0.9160 0.1123
35.0000 0.9167 0.1125
36.0000 0.9153 0.1118
37.0000 0.9176 0.1106
38.0000 0.9179 0.1115
39.0000 0.9169 0.1108
40.0000 0.9161 0.1105
41.0000 0.9223 0.1053
42.0000 0.9239 0.1054
43.0000 0.9233 0.1055
44.0000 0.9252 0.1048
45.0000 0.9237 0.1045
46.0000 0.9242 0.1046
47.0000 0.9245 0.1038
48.0000 0.9240 0.1040
49.0000 0.9246 0.1032
50.0000 0.9249 0.1039
51.0000 0.9269 0.1011
52.0000 0.9286 0.1002
53.0000 0.9280 0.1002
54.0000 0.9277 0.1009
55.0000 0.9276 0.1006
56.0000 0.9291 0.1002
57.0000 0.9281 0.0995
58.0000 0.9282 0.1001
59.0000 0.9286 0.0994
60.0000 0.9300 0.0988
61.0000 0.9303 0.0974
62.0000 0.9304 0.0983
63.0000 0.9314 0.0980
64.0000 0.9316 0.0979
65.0000 0.9326 0.0973
66.0000 0.9307 0.0977
67.0000 0.9303 0.0975
68.0000 0.9309 0.0972
69.0000 0.9307 0.0974
70.0000 0.9302 0.0978
71.0000 0.9319 0.0971
72.0000 0.9309 0.0965
73.0000 0.9328 0.0958
74.0000 0.9318 0.0966
75.0000 0.9325 0.0961
76.0000 0.9325 0.0963
77.0000 0.9319 0.0965
78.0000 0.9326 0.0961
79.0000 0.9318 0.0962
80.0000 0.9331 0.0957
81.0000 0.9333 0.0964
82.0000 0.9325 0.0960
83.0000 0.9328 0.0955
84.0000 0.9330 0.0950
85.0000 0.9326 0.0954
86.0000 0.9327 0.0958
87.0000 0.9331 0.0953
88.0000 0.9328 0.0950
89.0000 0.9330 0.0957
90.0000 0.9326 0.0957
91.0000 0.9333 0.0958
92.0000 0.9344 0.0958
93.0000 0.9339 0.0959
94.0000 0.9330 0.0954
95.0000 0.9340 0.0952
96.0000 0.9326 0.0949
97.0000 0.9332 0.0951
98.0000 0.9338 0.0950
99.0000 0.9323 0.0956
100.0000 0.9335 0.0950