1.0000 0.6604 0.2345
2.0000 0.7819 0.1631
3.0000 0.8088 0.1455
4.0000 0.8185 0.1366
5.0000 0.8301 0.1297
6.0000 0.8366 0.1250
7.0000 0.8396 0.1209
8.0000 0.8424 0.1177
9.0000 0.8450 0.1170
10.0000 0.8487 0.1157
11.0000 0.8665 0.0982
12.0000 0.8700 0.0962
13.0000 0.8713 0.0943
14.0000 0.8708 0.0939
15.0000 0.8728 0.0936
16.0000 0.8746 0.0930
17.0000 0.8740 0.0925
18.0000 0.8749 0.0925
19.0000 0.8742 0.0921
20.0000 0.8759 0.0920
21.0000 0.8868 0.0825
22.0000 0.8895 0.0808
23.0000 0.8886 0.0795
24.0000 0.8896 0.0791
25.0000 0.8898 0.0795
26.0000 0.8891 0.0790
27.0000 0.8909 0.0780
28.0000 0.8904 0.0784
29.0000 0.8925 0.0783
30.0000 0.8910 0.0780
31.0000 0.8988 0.0723
32.0000 0.8989 0.0708
33.0000 0.9009 0.0705
34.0000 0.9014 0.0705
35.0000 0.9020 0.0696
36.0000 0.9005 0.0703
37.0000 0.9027 0.0696
38.0000 0.9017 0.0692
39.0000 0.9026 0.0688
40.0000 0.9025 0.0690
41.0000 0.9072 0.0658
42.0000 0.9080 0.0651
43.0000 0.9072 0.0642
44.0000 0.9079 0.0640
45.0000 0.9081 0.0639
46.0000 0.9079 0.0638
47.0000 0.9085 0.0635
48.0000 0.9086 0.0637
49.0000 0.9093 0.0636
50.0000 0.9087 0.0629
51.0000 0.9114 0.0609
52.0000 0.9124 0.0606
53.0000 0.9115 0.0605
54.0000 0.9129 0.0607
55.0000 0.9132 0.0604
56.0000 0.9116 0.0599
57.0000 0.9133 0.0606
58.0000 0.9121 0.0601
59.0000 0.9139 0.0601
60.0000 0.9133 0.0596
61.0000 0.9145 0.0591
62.0000 0.9134 0.0585
63.0000 0.9142 0.0584
64.0000 0.9134 0.0577
65.0000 0.9155 0.0580
66.0000 0.9158 0.0575
67.0000 0.9147 0.0585
68.0000 0.9153 0.0578
69.0000 0.9148 0.0579
70.0000 0.9141 0.0584
71.0000 0.9158 0.0577
72.0000 0.9159 0.0576
73.0000 0.9169 0.0570
74.0000 0.9160 0.0576
75.0000 0.9168 0.0572
76.0000 0.9168 0.0573
77.0000 0.9156 0.0576
78.0000 0.9150 0.0575
79.0000 0.9168 0.0573
80.0000 0.9168 0.0569
81.0000 0.9155 0.0562
82.0000 0.9162 0.0570
83.0000 0.9170 0.0568
84.0000 0.9172 0.0571
85.0000 0.9164 0.0565
86.0000 0.9165 0.0566
87.0000 0.9171 0.0565
88.0000 0.9164 0.0565
89.0000 0.9166 0.0569
90.0000 0.9169 0.0567
91.0000 0.9160 0.0566
92.0000 0.9173 0.0559
93.0000 0.9168 0.0564
94.0000 0.9174 0.0564
95.0000 0.9170 0.0566
96.0000 0.9175 0.0564
97.0000 0.9166 0.0564
98.0000 0.9168 0.0560
99.0000 0.9165 0.0570
100.0000 0.9167 0.0566