1.0000 0.7238 0.3130
2.0000 0.8072 0.2197
3.0000 0.8308 0.1950
4.0000 0.8408 0.1828
5.0000 0.8482 0.1736
6.0000 0.8529 0.1689
7.0000 0.8577 0.1631
8.0000 0.8581 0.1613
9.0000 0.8614 0.1587
10.0000 0.8636 0.1564
11.0000 0.8810 0.1336
12.0000 0.8835 0.1316
13.0000 0.8838 0.1303
14.0000 0.8846 0.1288
15.0000 0.8863 0.1277
16.0000 0.8872 0.1274
17.0000 0.8887 0.1273
18.0000 0.8883 0.1271
19.0000 0.8891 0.1260
20.0000 0.8899 0.1259
21.0000 0.8987 0.1138
22.0000 0.9026 0.1106
23.0000 0.9028 0.1099
24.0000 0.9034 0.1083
25.0000 0.9038 0.1090
26.0000 0.9037 0.1086
27.0000 0.9036 0.1086
28.0000 0.9039 0.1086
29.0000 0.9047 0.1076
30.0000 0.9035 0.1074
31.0000 0.9131 0.0989
32.0000 0.9133 0.0983
33.0000 0.9148 0.0967
34.0000 0.9156 0.0967
35.0000 0.9154 0.0959
36.0000 0.9135 0.0963
37.0000 0.9160 0.0957
38.0000 0.9143 0.0959
39.0000 0.9154 0.0954
40.0000 0.9177 0.0937
41.0000 0.9194 0.0908
42.0000 0.9213 0.0890
43.0000 0.9221 0.0889
44.0000 0.9214 0.0892
45.0000 0.9221 0.0879
46.0000 0.9210 0.0892
47.0000 0.9225 0.0884
48.0000 0.9232 0.0875
49.0000 0.9233 0.0872
50.0000 0.9232 0.0873
51.0000 0.9261 0.0849
52.0000 0.9264 0.0839
53.0000 0.9266 0.0845
54.0000 0.9261 0.0842
55.0000 0.9264 0.0843
56.0000 0.9266 0.0831
57.0000 0.9252 0.0836
58.0000 0.9273 0.0837
59.0000 0.9276 0.0824
60.0000 0.9281 0.0830
61.0000 0.9291 0.0812
62.0000 0.9293 0.0810
63.0000 0.9298 0.0810
64.0000 0.9292 0.0808
65.0000 0.9286 0.0815
66.0000 0.9295 0.0801
67.0000 0.9288 0.0810
68.0000 0.9289 0.0808
69.0000 0.9298 0.0799
70.0000 0.9309 0.0805
71.0000 0.9295 0.0801
72.0000 0.9305 0.0795
73.0000 0.9307 0.0799
74.0000 0.9307 0.0795
75.0000 0.9309 0.0794
76.0000 0.9312 0.0796
77.0000 0.9305 0.0792
78.0000 0.9308 0.0791
79.0000 0.9306 0.0793
80.0000 0.9312 0.0794
81.0000 0.9309 0.0784
82.0000 0.9312 0.0788
83.0000 0.9300 0.0800
84.0000 0.9312 0.0793
85.0000 0.9325 0.0783
86.0000 0.9306 0.0793
87.0000 0.9310 0.0787
88.0000 0.9320 0.0784
89.0000 0.9316 0.0785
90.0000 0.9304 0.0791
91.0000 0.9315 0.0779
92.0000 0.9318 0.0781
93.0000 0.9329 0.0777
94.0000 0.9316 0.0784
95.0000 0.9332 0.0780
96.0000 0.9323 0.0782
97.0000 0.9334 0.0772
98.0000 0.9316 0.0779
99.0000 0.9320 0.0777
100.0000 0.9324 0.0776
