1.0000 0.0998 nan
1.0000 0.7150 0.3261
2.0000 0.8034 0.2267
3.0000 0.8282 0.1991
4.0000 0.8417 0.1830
5.0000 0.8532 0.1709
6.0000 0.8586 0.1626
7.0000 0.8656 0.1553
8.0000 0.8684 0.1514
9.0000 0.8748 0.1460
10.0000 0.8770 0.1425
11.0000 0.8870 0.1290
12.0000 0.8917 0.1256
13.0000 0.8931 0.1238
14.0000 0.8939 0.1223
15.0000 0.8968 0.1204
16.0000 0.8975 0.1191
17.0000 0.8969 0.1182
18.0000 0.9002 0.1167
19.0000 0.8984 0.1161
20.0000 0.8997 0.1147
21.0000 0.9075 0.1080
22.0000 0.9074 0.1069
23.0000 0.9086 0.1060
24.0000 0.9102 0.1048
25.0000 0.9100 0.1048
26.0000 0.9099 0.1045
27.0000 0.9101 0.1042
28.0000 0.9108 0.1042
29.0000 0.9114 0.1031
30.0000 0.9124 0.1026
31.0000 0.9150 0.0976
32.0000 0.9174 0.0978
33.0000 0.9162 0.0974
34.0000 0.9176 0.0967
35.0000 0.9171 0.0972
36.0000 0.9166 0.0966
37.0000 0.9170 0.0966
38.0000 0.9170 0.0961
39.0000 0.9176 0.0956
40.0000 0.9176 0.0961
41.0000 0.9201 0.0929
42.0000 0.9193 0.0934
43.0000 0.9204 0.0930
44.0000 0.9203 0.0936
45.0000 0.9203 0.0928
46.0000 0.9202 0.0931
47.0000 0.9213 0.0922
48.0000 0.9207 0.0916
49.0000 0.9215 0.0921
50.0000 0.9203 0.0930
51.0000 0.9233 0.0906
52.0000 0.9219 0.0908
53.0000 0.9225 0.0911
54.0000 0.9216 0.0911
55.0000 0.9228 0.0907
56.0000 0.9228 0.0908
57.0000 0.9213 0.0905
58.0000 0.9232 0.0906
59.0000 0.9221 0.0907
60.0000 0.9224 0.0904
61.0000 0.9233 0.0901
62.0000 0.9233 0.0905
63.0000 0.9236 0.0899
64.0000 0.9226 0.0903
65.0000 0.9241 0.0890
66.0000 0.9237 0.0897
67.0000 0.9225 0.0905
68.0000 0.9218 0.0905
69.0000 0.9231 0.0893
70.0000 0.9242 0.0890
71.0000 0.9231 0.0900
72.0000 0.9240 0.0893
73.0000 0.9233 0.0895
74.0000 0.9230 0.0894
75.0000 0.9226 0.0895
76.0000 0.9235 0.0886
77.0000 0.9233 0.0891
78.0000 0.9239 0.0888
79.0000 0.9238 0.0896
80.0000 0.9231 0.0885
81.0000 0.9239 0.0886
82.0000 0.9241 0.0883
83.0000 0.9230 0.0891
84.0000 0.9236 0.0888
85.0000 0.9236 0.0887
86.0000 0.9257 0.0880
87.0000 0.9247 0.0880
88.0000 0.9245 0.0885
89.0000 0.9234 0.0889
90.0000 0.9236 0.0890
91.0000 0.9234 0.0895
92.0000 0.9225 0.0900
93.0000 0.9234 0.0891
94.0000 0.9248 0.0887
95.0000 0.9246 0.0887
96.0000 0.9234 0.0894
97.0000 0.9238 0.0885
98.0000 0.9246 0.0885
99.0000 0.9243 0.0881
100.0000 0.9253 0.0881
