1.0000 0.5029 1.9082
2.0000 0.5330 2.1857
3.0000 0.5403 2.2347
4.0000 0.5402 2.2625
5.0000 0.5424 2.2543
6.0000 0.5442 2.2465
7.0000 0.5442 2.2614
8.0000 0.5456 2.2506
9.0000 0.5432 2.2583
10.0000 0.5452 2.2603
11.0000 0.5654 1.6180
12.0000 0.5654 1.3242
13.0000 0.5619 1.2479
14.0000 0.5554 1.2168
15.0000 0.5594 1.1837
16.0000 0.5525 1.1863
17.0000 0.5538 1.1687
18.0000 0.5511 1.1750
19.0000 0.5534 1.1718
20.0000 0.5510 1.1734
21.0000 0.5707 0.8636
22.0000 0.5696 0.7257
23.0000 0.5680 0.6768
24.0000 0.5689 0.6463
25.0000 0.5638 0.6394
26.0000 0.5652 0.6288
27.0000 0.5626 0.6244
28.0000 0.5622 0.6216
29.0000 0.5638 0.6175
30.0000 0.5592 0.6194
31.0000 0.5806 0.4733
32.0000 0.5810 0.4142
33.0000 0.5829 0.3925
34.0000 0.5835 0.3793
35.0000 0.5789 0.3776
36.0000 0.5817 0.3695
37.0000 0.5771 0.3700
38.0000 0.5824 0.3634
39.0000 0.5829 0.3611
40.0000 0.5820 0.3589
41.0000 0.5987 0.3037
42.0000 0.6017 0.2805
43.0000 0.6019 0.2726
44.0000 0.6014 0.2678
45.0000 0.6020 0.2651
46.0000 0.6041 0.2633
47.0000 0.6048 0.2614
48.0000 0.6011 0.2611
49.0000 0.6022 0.2597
50.0000 0.6043 0.2596
51.0000 0.6216 0.2360
52.0000 0.6241 0.2278
53.0000 0.6276 0.2243
54.0000 0.6267 0.2223
55.0000 0.6302 0.2204
56.0000 0.6280 0.2205
57.0000 0.6305 0.2192
58.0000 0.6294 0.2176
59.0000 0.6256 0.2200
60.0000 0.6307 0.2177
61.0000 0.6381 0.2094
62.0000 0.6450 0.2055
63.0000 0.6454 0.2021
64.0000 0.6426 0.2033
65.0000 0.6457 0.2022
66.0000 0.6443 0.2024
67.0000 0.6458 0.2011
68.0000 0.6467 0.2014
69.0000 0.6463 0.2013
70.0000 0.6449 0.2022
71.0000 0.6518 0.1963
72.0000 0.6552 0.1956
73.0000 0.6538 0.1949
74.0000 0.6564 0.1949
75.0000 0.6535 0.1952
76.0000 0.6570 0.1944
77.0000 0.6582 0.1923
78.0000 0.6543 0.1937
79.0000 0.6561 0.1932
80.0000 0.6603 0.1926
81.0000 0.6610 0.1909
82.0000 0.6639 0.1903
83.0000 0.6631 0.1905
84.0000 0.6604 0.1905
85.0000 0.6618 0.1902
86.0000 0.6629 0.1896
87.0000 0.6615 0.1903
88.0000 0.6655 0.1893
89.0000 0.6651 0.1892
90.0000 0.6640 0.1884
91.0000 0.6650 0.1894
92.0000 0.6660 0.1882
93.0000 0.6649 0.1883
94.0000 0.6656 0.1872
95.0000 0.6648 0.1889
96.0000 0.6653 0.1872
97.0000 0.6652 0.1881
98.0000 0.6657 0.1878
99.0000 0.6658 0.1886
100.0000 0.6663 0.1877
