1.0000 0.4774 0.8312
2.0000 0.5381 0.7381
3.0000 0.5567 0.7055
4.0000 0.5637 0.6933
5.0000 0.5689 0.6790
6.0000 0.5742 0.6714
7.0000 0.5732 0.6704
8.0000 0.5750 0.6674
9.0000 0.5740 0.6690
10.0000 0.5755 0.6712
11.0000 0.6228 0.5554
12.0000 0.6235 0.5566
13.0000 0.6237 0.5569
14.0000 0.6237 0.5537
15.0000 0.6212 0.5554
16.0000 0.6237 0.5533
17.0000 0.6233 0.5544
18.0000 0.6237 0.5533
19.0000 0.6258 0.5535
20.0000 0.6234 0.5553
21.0000 0.6547 0.5061
22.0000 0.6571 0.5022
23.0000 0.6567 0.5031
24.0000 0.6584 0.5037
25.0000 0.6566 0.5048
26.0000 0.6588 0.5045
27.0000 0.6580 0.5061
28.0000 0.6596 0.5018
29.0000 0.6599 0.5011
30.0000 0.6559 0.5062
31.0000 0.6797 0.4790
32.0000 0.6775 0.4807
33.0000 0.6797 0.4798
34.0000 0.6809 0.4795
35.0000 0.6792 0.4797
36.0000 0.6796 0.4777
37.0000 0.6743 0.4837
38.0000 0.6765 0.4825
39.0000 0.6774 0.4831
40.0000 0.6764 0.4814
41.0000 0.6887 0.4714
42.0000 0.6886 0.4702
43.0000 0.6924 0.4672
44.0000 0.6913 0.4698
45.0000 0.6890 0.4677
46.0000 0.6882 0.4707
47.0000 0.6939 0.4664
48.0000 0.6889 0.4705
49.0000 0.6914 0.4692
50.0000 0.6912 0.4670
51.0000 0.6966 0.4619
52.0000 0.6979 0.4609
53.0000 0.6966 0.4635
54.0000 0.6933 0.4648
55.0000 0.6954 0.4649
56.0000 0.6987 0.4610
57.0000 0.7008 0.4598
58.0000 0.6973 0.4607
59.0000 0.6959 0.4631
60.0000 0.6960 0.4647
61.0000 0.6990 0.4610
62.0000 0.7017 0.4599
63.0000 0.6996 0.4589
64.0000 0.7000 0.4602
65.0000 0.7003 0.4584
66.0000 0.6990 0.4607
67.0000 0.6996 0.4627
68.0000 0.7018 0.4609
69.0000 0.6999 0.4619
70.0000 0.6982 0.4626
71.0000 0.6992 0.4638
72.0000 0.7010 0.4610
73.0000 0.7022 0.4585
74.0000 0.7042 0.4578
75.0000 0.6993 0.4599
76.0000 0.7017 0.4607
77.0000 0.7025 0.4583
78.0000 0.7020 0.4614
79.0000 0.7011 0.4597
80.0000 0.7010 0.4591
81.0000 0.7018 0.4612
82.0000 0.7038 0.4586
83.0000 0.7019 0.4590
84.0000 0.7036 0.4588
85.0000 0.7011 0.4606
86.0000 0.7037 0.4586
87.0000 0.7036 0.4595
88.0000 0.7011 0.4618
89.0000 0.7023 0.4590
90.0000 0.7062 0.4576
91.0000 0.6996 0.4616
92.0000 0.7010 0.4602
93.0000 0.6999 0.4647
94.0000 0.7022 0.4608
95.0000 0.7005 0.4619
96.0000 0.6991 0.4632
97.0000 0.6993 0.4612
98.0000 0.7065 0.4591
99.0000 0.7040 0.4619
100.0000 0.7025 0.4597