1.0000 0.4368 0.8886
2.0000 0.4570 0.8760
3.0000 0.4597 0.8758
4.0000 0.4590 0.8792
5.0000 0.4603 0.8769
6.0000 0.4603 0.8788
7.0000 0.4597 0.8780
8.0000 0.4633 0.8729
9.0000 0.4593 0.8779
10.0000 0.4615 0.8776
11.0000 0.4921 0.7844
12.0000 0.4925 0.7757
13.0000 0.4937 0.7740
14.0000 0.4929 0.7732
15.0000 0.4906 0.7729
16.0000 0.4931 0.7762
17.0000 0.4914 0.7745
18.0000 0.4884 0.7737
19.0000 0.4925 0.7712
20.0000 0.4955 0.7674
21.0000 0.5101 0.7377
22.0000 0.5174 0.7253
23.0000 0.5181 0.7257
24.0000 0.5171 0.7252
25.0000 0.5176 0.7242
26.0000 0.5163 0.7251
27.0000 0.5176 0.7234
28.0000 0.5164 0.7257
29.0000 0.5190 0.7213
30.0000 0.5160 0.7274
31.0000 0.5275 0.7076
32.0000 0.5309 0.7042
33.0000 0.5344 0.6993
34.0000 0.5317 0.7031
35.0000 0.5342 0.6981
36.0000 0.5331 0.7015
37.0000 0.5339 0.6998
38.0000 0.5307 0.7038
39.0000 0.5339 0.6993
40.0000 0.5314 0.7025
41.0000 0.5412 0.6888
42.0000 0.5388 0.6940
43.0000 0.5379 0.6928
44.0000 0.5419 0.6897
45.0000 0.5386 0.6962
46.0000 0.5418 0.6896
47.0000 0.5418 0.6892
48.0000 0.5433 0.6898
49.0000 0.5419 0.6883
50.0000 0.5377 0.6934
51.0000 0.5451 0.6855
52.0000 0.5450 0.6815
53.0000 0.5487 0.6817
54.0000 0.5398 0.6916
55.0000 0.5444 0.6886
56.0000 0.5425 0.6870
57.0000 0.5445 0.6891
58.0000 0.5445 0.6856
59.0000 0.5436 0.6870
60.0000 0.5435 0.6839
61.0000 0.5475 0.6801
62.0000 0.5476 0.6815
63.0000 0.5434 0.6847
64.0000 0.5479 0.6803
65.0000 0.5469 0.6827
66.0000 0.5484 0.6843
67.0000 0.5479 0.6789
68.0000 0.5491 0.6831
69.0000 0.5515 0.6789
70.0000 0.5451 0.6851
71.0000 0.5476 0.6812
72.0000 0.5468 0.6817
73.0000 0.5472 0.6840
74.0000 0.5463 0.6839
75.0000 0.5479 0.6803
76.0000 0.5462 0.6832
77.0000 0.5522 0.6778
78.0000 0.5489 0.6812
79.0000 0.5492 0.6765
80.0000 0.5493 0.6803
81.0000 0.5457 0.6840
82.0000 0.5502 0.6784
83.0000 0.5483 0.6784
84.0000 0.5537 0.6768
85.0000 0.5511 0.6790
86.0000 0.5506 0.6806
87.0000 0.5503 0.6817
88.0000 0.5502 0.6786
89.0000 0.5478 0.6820
90.0000 0.5471 0.6846
91.0000 0.5472 0.6813
92.0000 0.5483 0.6827
93.0000 0.5511 0.6790
94.0000 0.5506 0.6806
95.0000 0.5503 0.6817
96.0000 0.5502 0.6786
97.0000 0.5478 0.6820
98.0000 0.5471 0.6846
99.0000 0.5472 0.6813
100.0000 0.5483 0.6827